22 serialization::archive 17 0 1 1 1 0
0 0 0 0 0 0 0 0 0 0 0  0 1 7 1 0
1 0 0  0 0 0 0 4 0 0 0 8 0 0 0 1 13 19 tnbLib::SectPx_Edge 1 0
2 0 0 8 10 edge nb. 8 0 1 16 58 tnbLib::sectPxLib::OuterPnt<tnbLib::sectPxLib::Pnt_Compnt> 1 0
3 1 0
4 0 0 0 0 0 0 0 0 0 0 6 16 pnt_compnt nb. 6 0 0 0 0 1 0 0 0 8 0 0 0 1 13 2 0 1 -1 1 0 0 0 1 31 23 tnbLib::SectPx_ConstPar 1 0
5 0 0 0 0 1 2 x0 0 0 0 0 1 0 0 0 6 0 0 0 0 0 1 16 3 1 0 0 1.00000000000000006e-01 0 31
6 2 2 y0 1 0 6 16 3 1 2.99999999999999989e-01 0 41 58 tnbLib::sectPxLib::InnerPnt<tnbLib::sectPxLib::Pnt_Compnt> 1 0
7
8 28 17 pnt_compnt nb. 28 2 0 8 13 2 31 13
9 31 11 edge nb. 31 41 7 41
10
11 21 17 pnt_compnt nb. 21 2 0 30 13
12 30 11 edge nb. 30 41 10 41
13
14 29 17 pnt_compnt nb. 29 2 0 30 13 12 32 13
15 32 11 edge nb. 32 41 13 16
16
17 7 16 pnt_compnt nb. 7 1 0 32 13 15 -1 1 42 23 tnbLib::SectPx_FixedPar 1 0
18 3 6 length 1 0 7 16 16 1 1.00000000000000006e-01 0 31
19 4 2 y1 1 0 7 16 16 1 3.60000000000000009e+00 0 -1 1 43 22 tnbLib::SectPx_FreePar 1 0
20 27 21 free_parameter nb. 27 1 0 29 41 13 1 0 1 45 36 tnbLib::binaryOpsFieldFun::Sum_WF_SF 1 0
21 0 0 0 0 0 0 0 0 25 29 sum binary op fieldFun nb. 25 0 0 0.00000000000000000e+00 1 0 0 45
22 19 29 sum binary op fieldFun nb. 19 0.00000000000000000e+00 1 52 33 tnbLib::sectPxLib::FieldFun_readX 1 0
23 17 21 fieldFun_readX nb. 17 0.00000000000000000e+00 1 0 1 16 3 54 38 tnbLib::binaryOpsFieldFun::Cross_SF_SF 1 0
24 0 0 0 48 ((fieldFun_readX nb. 18-fieldFun_readX nb. 17)*) 0.00000000000000000e+00 0 56 41 tnbLib::binaryOpsFieldFun::Subtract_WF_WF 1 0
25 0 0 0 45 (fieldFun_readX nb. 18-fieldFun_readX nb. 17) 0.00000000000000000e+00 0 52
26 18 21 fieldFun_readX nb. 18 0.00000000000000000e+00 1 16 16 52 23 58 31 tnbLib::sectPxLib::FieldFun_Uni 1 0
27 0 0 0 0  0.00000000000000000e+00 0 42
28 14 3 mid 1 0 0 58 27 1 5.00000000000000000e-01 0 54
29 0 56 ((fieldFun_readX nb. 23-sum binary op fieldFun nb. 19)*) 0.00000000000000000e+00 0 56
30 0 53 (fieldFun_readX nb. 23-sum binary op fieldFun nb. 19) 0.00000000000000000e+00 0 52
31 23 21 fieldFun_readX nb. 23 0.00000000000000000e+00 1 16 16 45 22 58
32 0 0  0.00000000000000000e+00 0 42
33 16 12 right corner 1 0 0 58 32 1 1.00000000000000000e+00 0 42
34 5 5 width 3 0 21 41 10 1 28 41 7 1 29 41 13 1 1.00000000000000000e+00 0 31 13 9 -1 1 43
35 20 21 free_parameter nb. 20 1 0 21 41 10 1 45 22 42 34 -1 1 43
36 26 21 free_parameter nb. 26 1 0 28 41 7 1 45
37 24 29 sum binary op fieldFun nb. 24 0.00000000000000000e+00 1 52
38 22 21 fieldFun_readX nb. 22 0.00000000000000000e+00 1 16 3 54
39 0 56 ((sum binary op fieldFun nb. 19-fieldFun_readX nb. 22)*) 0.00000000000000000e+00 0 56
40 0 53 (sum binary op fieldFun nb. 19-fieldFun_readX nb. 22) 0.00000000000000000e+00 0 45 22 52 38 58
41 0 0  0.00000000000000000e+00 0 42
42 15 11 left corner 1 0 0 58 41 1 0.00000000000000000e+00 0 42 34 30 13 12 31 13 9 32 13 15 0 0 0 0 2 0 11 60 29 tnbLib::SectPx_EmptyInterface 1 0
43 0 0 11 22 empty interface nb. 11 0 1 63 1 0
44 9 10 node nb. 9 0 0 0 0 0 1 67 28 tnbLib::SectPx_CustomProfile 1 0
45 0 0 13 21 custom profile nb. 13 63 44 63
46 10 11 node nb. 10 67 45 0 0 0 1 60
47 12 22 empty interface nb. 12 63 46 16 16 0 1 -1 60 43 16 3 12 60 47 11 0 1 31 5 2 31 6 3 42 18 4 31 19 5 42 34 14 42 28 15 42 42 16 42 33 20 43 35 26 43 36 27 43 20 5 0 6 16 3 7 16 16 21 41 10 28 41 7 29 41 13 0 0 7 0 17 52 23 18 52 26 19 45 22 22 52 38 23 52 31 24 45 37 25 45 21 0 0 0 0 0 0 2 0 9 63 44 10 63 46 1 0 13 67 45 0 0 0 0 0 0 0 0 0 0 0 0 32 0 0 0 1 31 5 2 31 6 3 42 18 4 31 19 5 42 34 6 16 3 7 16 16 8 13 2 9 63 44 10 63 46 11 60 43 12 60 47 13 67 45 14 42 28 15 42 42 16 42 33 17 52 23 18 52 26 19 45 22 20 43 35 21 41 10 22 52 38 23 52 31 24 45 37 25 45 21 26 43 36 27 43 20 28 41 7 29 41 13 30 13 12 31 13 9 32 13 15 0 0 32 0 0 0 0 0 100 0 30 0 0 0 0 0 0 0 0 0 0 0 0 0 0 0 0 0 0 0 0 0 0 0 0 0 0 0 0 0 0 0 0 0 0 0 0 0 0 0 0 0 0 0 0 0 0 0 0 0 0 0 0 0 0 0 0 0 0 0 0 0 0 0 0 0 0 0 0 0 0 0 0 0 0 0 0 0 0 0 0 0 0 0 0 0 0 0 0 0 0 0 0 0 0 0 0 0 0 0 0 1 79 1 0
48 0 1 81 1 0
49 0 0 0 0  7 1 0 1 84 1 0
50 0 0  7 1 0 1 86 1 0
51 0 0  7 1 0 1 88 1 0
52 0 0 1 0 0 0 1 0 1 92 1 0
53 1 14 profile maker1 7 1 67 45 1 0 100 0 0 0 0 0 0 0 0 0 0 0 0 0 0 0 0 0 0 0 0 0 0 0 0 0 0 0 0 0 0 0 0 0 0 0 0 0 0 0 0 0 0 0 0 0 0 0 0 0 0 0 0 0 0 0 0 0 0 0 0 0 0 0 0 0 0 0 0 0 0 0 0 0 0 0 0 0 0 0 0 0 0 0 0 0 0 0 0 0 0 0 0 0 0 0 0 0 0 0 0 0 0 1 94 1 0
54 0 0  7 1
