22 serialization::archive 18 0 1 1 1 0
0 0 0 0 0 0 0 0 0 0 0  0 0 0 1 8 1 0
1 0  0 0 1 0 0 0 21 Default Block Surface 0 1 12 1 0
2 21 Default Block Surface 0 0 17 0 0 0 1 0 1 16 1 0
3 1 0  0 0 1 0 0 22510 9 0 0 0 0 3 3 50 10 48 8 187100 0 4193.51101788  187159.259252 0 4279.08401658  187248.14813 0 4415.88333091  187366.666633 0 4623.80865343  187455.555511 0 4795.05787411  187544.444389 0 4988.42416757  187633.333266 0 5203.376248539999  187751.85177 0 5577.90790614  187840.740648 0 5835.20165052  187899.9999 0 6699.07775936  
187100 82.90479623579999 4193.47399447  187159.259252 80.2016015879 4279.04740346  187248.14813 75.8444120969 4415.84747922  187366.666633 69.13495822050001 4623.774313110001  187455.555511 63.5660691241 4795.024974530001  187544.444389 57.229452347 4988.393182860001  187633.333266 50.1407982633 5203.34762812  187751.85177 37.6914807073 5577.88457931  187840.740648 29.0986828382 5835.18141418  187899.9999 0.0310230707489 6699.07773482  
187100 207.077163315 4208.24749296  187159.259252 200.321535774 4293.418586129999  187248.14813 189.432739213 4429.55911939  187366.666633 172.666976673 4636.43412565  187455.555511 158.752095774 4806.79198221  187544.444389 142.920190711 4999.115784529999  187633.333266 125.21031516 5212.8781898  187751.85177 94.11320158779999 5585.21379727  187840.740648 72.64610693980001 5841.03283394  187899.9999 0.0774346998026 6699.08421611  
187100 366.672919349 4253.7750861  187159.259252 354.653923598 4337.671881120001  187248.14813 335.289103419 4471.72832124  187366.666633 305.497679423 4675.29649954  187455.555511 280.785825622 4842.85648614  187544.444389 252.689651396 5031.92069538  187633.333266 221.277290393 5241.972997739999  187751.85177 166.198598181 5607.51123358  187840.740648 128.142920252 5858.73928178  187899.9999 0.136402306704 6699.10370229  
187100 482.362886587 4299.65295504  187159.259252 466.495630336 4382.24548181  187248.14813 440.938036487 4514.17168447  187366.666633 401.644564141 4714.3695822  187455.555511 369.064585245 4879.08326455  187544.444389 332.042860485 5064.839292600001  187633.333266 290.668088259 5271.1322544  187751.85177 218.198223979 5629.813740940001  187840.740648 168.095666223 5876.39577425  187899.9999 0.178753010153 6699.12306307  
187100 593.2686555160001 4356.07660481  187159.259252 573.678429189 4437.03813824  187248.14813 542.134468234 4566.3044151  187366.666633 493.671489475 4762.3075467  187455.555511 453.507284368 4923.48578178  187544.444389 407.893931448 5105.14278255  187633.333266 356.939674337 5306.78588726  187751.85177 267.791849007 5657.026260330001  187840.740648 206.12110852 5897.8709603  187899.9999 0.218963363183 6699.146522720001  
187100 698.844055947 4421.910120189999  187159.259252 675.678562543 4500.93670423  187248.14813 638.3909688369999 4627.05276577  187366.666633 581.143050187 4818.1024841  187455.555511 533.720348207 4975.11409392  187544.444389 479.896430993 5151.95324689  187633.333266 419.797253496 5348.14096575  187751.85177 314.768801957 5688.52421066  187840.740648 242.070509494 5922.65008061  187899.9999 0.256896865554 6699.17349528  
187100 798.702099145 4496.10711346  187159.259252 772.128338177 4572.91759655  187248.14813 729.367989907 4695.4301884  187366.666633 663.765160193 4880.834109660001  187455.555511 609.447218065 5033.10721125  187544.444389 547.830732778 5204.47848261  187633.333266 479.06070396 5394.48602101  187751.85177 359.008641881 5723.7519944  187840.740648 275.869931909 5950.282685800001  187899.9999 0.292493705368 6699.203471479999  
187100 892.572631163 4577.72899195  187159.259252 862.7740403050001 4652.06519935  187248.14813 814.840088909 4770.561567899999  187366.666633 741.345933607 4949.68876153  187455.555511 680.5183828850001 5096.70124065  187544.444389 611.557361392 5262.02054791  187633.333266 534.621115067 5445.19856257  187751.85177 400.44593215 5762.22925383  187840.740648 307.483531649 5980.380677900001  187899.9999 0.3257420591 6699.236025470001  
187100 980.4176933479999 4665.78681007  187159.259252 947.5855623790001 4737.418284820001  187248.14813 894.786100131 4851.52898995  187366.666633 813.880735481 5023.82236126  187455.555511 746.9471960489999 5165.12073492  187544.444389 671.096532756 5323.87299624  187633.333266 586.5069731430001 5499.65395452  187751.85177 439.113181157 5803.47771783  187840.740648 336.956677333 6012.57394145  187899.9999 0.356704434723 6699.27075386  
187100 1062.26260723 4759.43473754  187159.259252 1026.59525989 4828.15682758  187248.14813 969.249165126 4937.55453845  187366.666633 881.424348506 5102.5239398  187455.555511 808.786634665 5237.70018591  187544.444389 726.51132208 5389.43916442  187633.333266 634.7831402529999 5557.324837630001  187751.85177 475.074905171 5847.10096496  187840.740648 364.348150161 6046.54872173  187899.9999 0.385462330855 6699.30732288  
187100 1138.15745667 4857.95575642  187159.259252 1099.85734225 4923.58569903  187248.14813 1038.29255567 5027.98353587  187366.666633 944.040077273 5185.186794499999  187455.555511 866.113862046 5313.89241441  187544.444389 777.87315044 5458.21693961  187633.333266 679.524839821 5617.7751071  187751.85177 508.395643892 5892.76713475  187840.740648 389.723053809 6082.05321736  187899.9999 0.412096732063 6699.345463780001  
187100 1208.16054744 4960.742718439999  187159.259252 1167.43325755 5023.1163269  187248.14813 1101.97805065 5122.253222380001  187366.666633 1001.80315716 5271.30849606  187455.555511 918.997259235 5393.22473463  187544.444389 825.258510098 5529.789821349999  187633.333266 720.80285602 5680.63465597  187751.85177 539.141242875 5940.20325918  187840.740648 413.139432633 6118.87486145  187899.9999 0.436681253594 6699.38495354  
187100 1272.31926927 5067.26926624  187159.259252 1229.37599464 5126.24287782  187248.14813 1160.36527636 5219.88823523  187366.666633 1054.7743298 5360.45364708  187455.555511 967.503511807 5475.30160084  187544.444389 868.73195923 5603.800479  187633.333266 758.684456833 5745.596995299999  187751.85177 567.367878001 5989.17699017  187840.740648 434.65097911 6156.83939335  187899.9999 0.459281920004 6699.425609360001  
187100 1330.66853553 5177.08162831  187159.259252 1285.72396287 5232.52840319  187248.14813 1213.49689532 5320.4755097  187366.666633 1103.00127121 5452.247997089999  187455.555511 1011.68503664 5559.78503792  187544.444389 908.345665509 5679.94341391  187633.333266 793.2200595630001 5812.393952769999  187751.85177 593.123040795 6039.49285751  187840.740648 454.301285516 6195.79779002  187899.9999 0.479954101761 6699.46727772  
187100 1383.22838117 5289.778176059999  187159.259252 1336.49873561 5341.58016445  187248.14813 1261.40397387 5423.65331272  187366.666633 1146.52068049 5546.36445291  187455.555511 1051.57932988 5646.371932900001  187544.444389 944.141740335 5757.9526023  187633.333266 824.453529803 5880.79722025  187751.85177 616.4444109 6090.97846658  187840.740648 472.127496633 6235.62460557  187899.9999 0.498742994039 6699.50982722  
187100 1429.98446094 5405.00066076  187159.259252 1381.69241014 5453.060317740001  187248.14813 1304.08038158 5529.099309740001  187366.666633 1185.33402583 5642.51432145  187455.555511 1087.19473641 5734.803334519999  187544.444389 976.132083527 5837.595764189999  187633.333266 852.4003603890001 5950.6045201  187751.85177 637.3538927340001 6143.49237988  187840.740648 488.151509192 6276.20689314  187899.9999 0.515682749856 6699.55314584  
187100 1471.05717197 5522.36620055  187159.259252 1421.41947268 5566.59963996  187248.14813 1341.63450197 5636.47312086  187366.666633 1219.53812588 5740.3959167  187455.555511 1118.61765316 5824.80678779  187544.444389 1004.39301533 5918.63578402  187633.333266 877.1257937930001 6021.61670692  187751.85177 655.893934792 6196.8841943  187840.740648 502.405925217 6317.44485638  187899.9999 0.5308032641589999 6699.59713094  
187100 1506.5641908 5641.53113873  187159.259252 1455.79794393 5681.86888453  187248.14813 1374.18313585 5745.46624016  187366.666633 1249.24622112 5839.73291995  187455.555511 1145.95762584 5916.13312489  187544.444389 1029.02678831 6000.8484974  187633.333266 898.723273339 6093.63984742  187751.85177 672.14183755 6251.01772822  187840.740648 514.9516529159999 6359.23216462  187899.9999 0.544172014112 6699.64167926  
187100 1536.59112826 5762.19197971  187159.259252 1484.91304599 5798.57731999  187248.14813 1401.81073741 5855.80913308  187366.666633 1274.53918679 5940.28282944  187455.555511 1169.29157519 6008.56109308  187544.444389 1050.10711564 6084.04310252  187633.333266 917.2601623420001 6166.50919376  187751.85177 686.151283652 6305.773056589999  187840.740648 525.834597048 6401.48266448  187899.9999 0.555841408577 6699.68670179  
187100 1561.19690564 5884.07281306  187159.259252 1508.82475589 5916.460555709999  187248.14813 1424.57769804 5967.25333175  187366.666633 1295.47815141 6041.8288435  187455.555511 1188.67980869 6101.89617105  187544.444389 1067.6907657 6168.04498754  187633.333266 932.7900971079999 6240.07759638  187751.85177 697.96590753 6361.0417503  187840.740648 535.092393859 6444.11896429  187899.9999 0.565855096767 6699.73212074  
187100 1580.41471024 6006.9175194  187159.259252 1527.56745123 6035.275258889999  187248.14813 1442.52056272 6079.576065650001  187366.666633 1312.09987818 6144.16840588  187455.555511 1204.15997766 6195.9580157  187544.444389 1081.81553535 6252.69661662  187633.333266 945.349565297 6314.21018053  187751.85177 707.6178427660001 6416.729661679999  187840.740648 542.7527257199999 6487.07038473  187899.9999 0.574246451018 6699.77786687  
187100 1594.24164554 6130.48485889  187159.259252 1541.14352273 6154.78886829  187248.14813 1455.64825469 6192.56266237  187366.666633 1324.4197935 6247.11456921  187455.555511 1215.75005672 6290.577717839999  187544.444389 1092.50091214 6337.850472040001  187633.333266 954.958612471 6388.78250282  187751.85177 715.1249502830001 6472.74644324  187840.740648 548.834776408 6530.27333196  187899.9999 0.5810406549679999 6699.82387727  
187100 1602.68117669 6254.53783247  187159.259252 1549.54992784 6274.77917841  187248.14813 1463.9521619 6306.00541753  187366.666633 1332.42995069 6350.48544305  187455.555511 1223.44584421 6385.593293180001  187544.444389 1099.7484095 6423.36562915  187633.333266 961.624995797 6463.67566648  187751.85177 720.501040118 6529.008402859999  187840.740648 553.349220987 6573.66836489  187899.9999 0.586250383706 6699.870093160001  
187100 1605.58537713 6378.84234071  187159.259252 1552.68282856 6395.02195503  187248.14813 1467.37553461 6419.70140688  187366.666633 1336.10424864 6454.102008999999  187455.555511 1227.23118185 6480.845540419999  187544.444389 1103.54205598 6509.10373674  187633.333266 965.328520027 6538.77277959  187751.85177 723.7223511889999 6585.43414794  187840.740648 556.297838123 6617.1982311  187899.9999 0.589893526577 6699.916459919999  
187100 1603.24907702 6503.15487054  187159.259252 1550.69448438 6515.28592955  187248.14813 1465.92983274 6533.43721154  187366.666633 1335.38357863 6557.78011547  187455.555511 1227.04235216 6576.1726727  187544.444389 1103.84885482 6594.92599981  187633.333266 966.082335218 6613.95945149  187751.85177 724.852634003 6641.94309575  187840.740648 557.676381683 6660.80559534  187899.9999 0.591929008922 6699.9629227  
187100 1596.19568662 6627.28572192  187159.259252 1544.10869415 6635.38211885  187248.14813 1460.06261616 6647.02761345  187366.666633 1330.52051391 6661.344388089999  187455.555511 1222.95953163 6671.41171742  187544.444389 1100.57617716 6680.68665807  187633.333266 963.660723845 6689.11186411  187751.85177 723.5967423300001 6698.45166807  187840.740648 557.4573269479999 6704.43825836  187899.9999 0.5924969209150001 6700.00943081  
187100 1584.32833419 6751.050883659999  187159.259252 1532.83194041 6755.13044292  187248.14813 1449.71331936 6760.29892922  187366.666633 1321.51412824 6764.63169411  187455.555511 1215.02043848 6766.40667738  187544.444389 1093.77988033 6766.23955284  187633.333266 958.08619494 6764.09575943  187751.85177 719.871845428 6754.85076892  187840.740648 555.163753616 6748.01356461  187899.9999 0.5909430649189999 6700.05592036  
187100 1567.68599497 6874.26445931  187159.259252 1516.90426596 6874.349750840001  187248.14813 1434.91652406 6873.07426396  187366.666633 1308.38657554 6867.47633441  187455.555511 1203.23925558 6861.00222953  187544.444389 1083.47143919 6851.44077377  187633.333266 949.379821018 6838.78078072  187751.85177 713.730211685 6811.037080810001  187840.740648 550.936459624 6791.44154084  187899.9999 0.58714222178 6700.102280470001  
187100 1546.24087205 6996.73446038  187159.259252 1496.30079275 6992.85020524  187248.14813 1415.65290147 6985.17437008  187366.666633 1291.12787998 6969.7092357  187455.555511 1187.61244449 6955.03924288  187544.444389 1069.65209464 6936.14375388  187633.333266 937.544296587 6913.03423128  187751.85177 705.1695297810001 6866.906520019999  187840.740648 544.754095836 6834.63467332  187899.9999 0.5811555312360001 6700.148408749999  
187100 1519.9519764 7118.257137789999  187159.259252 1470.98346718 7110.4343374  187248.14813 1391.8887097 7096.40829272  187366.666633 1269.70996794 7071.152935229999  187455.555511 1168.11645051 7048.35146708  187544.444389 1052.30331205 7020.19543907  187633.333266 922.567066593 6986.71933735  187751.85177 694.1871668279999 6922.3498938  187840.740648 536.6264692450001 6877.50455242  187899.9999 0.572981167333 6700.19420032  
187100 1488.74994114 7238.61402725  187159.259252 1440.88668335 7226.889231460001  187248.14813 1363.56495671 7206.5704756  187366.666633 1244.08258956 7171.61704689  187455.555511 1144.70784668 7140.76147644  187544.444389 1031.38924292 7103.43204483  187633.333266 904.419923748 7059.688181570001  187751.85177 680.7645753100001 6977.25477885  187840.740648 526.542931457 6919.956971539999  187899.9999 0.562620662096 6700.2395476  
187100 1452.53935931 7357.5614427  187159.259252 1405.91996683 7341.97656203  187248.14813 1330.59824601 7315.43435632  187366.666633 1214.17309187 7270.89121726  187455.555511 1117.32250979 7232.072824010001  187544.444389 1006.85438778 7185.67602711  187633.333266 883.057147783 7131.783364880001  187751.85177 664.872067418 7031.49644597  187840.740648 514.485887927 6961.89200317  187899.9999 0.5500612677679999 6700.28433642  
187100 1411.20343518 7474.82946635  187159.259252 1365.97149644 7455.434565770001  187248.14813 1292.88464817 7422.7506317  187366.666633 1179.88973619 7368.74473844  187455.555511 1085.87875261 7322.0695942  187544.444389 978.628288106 7266.72778882  187633.333266 858.4192488049999 7202.827197819999  187751.85177 646.4675807980001 7084.93910181  187840.740648 500.426993913 7003.199861839999  187899.9999 0.535280166192 6700.32844261  
187100 1364.57983044 7590.10032194  187159.259252 1320.88623311 7566.953166660001  187248.14813 1250.28161149 7528.22083486  187366.666633 1141.10597811 7464.904629600001  187455.555511 1050.26348245 7410.49997942  187544.444389 946.611559047 7346.36251393  187633.333266 830.4244875530001 7272.618302639999  187751.85177 625.4954736990001 7137.42832439  187840.740648 484.329730753 7043.75855685  187899.9999 0.5182465279440001 6700.37173019  
187100 1312.58374498 7703.0512877  187159.259252 1270.57906182 7676.21755496  187248.14813 1202.70170273 7631.54745198  187366.666633 1097.73817062 7559.088140790001  187455.555511 1010.39484697 7497.09890119  187544.444389 910.7278324509999 7424.33116657  187633.333266 799.000507025 7340.93534276  187751.85177 601.895583117 7188.79234117  187840.740648 466.146241701 7083.4255715  187899.9999 0.498912163111 6700.41404142  
187100 1255.18164009 7813.35569027  187159.259252 1215.02010266 7782.91148678  187248.14813 1150.12542654 7732.421847840001  187366.666633 1049.77153178 7651.01775979  187455.555511 966.2642202650001 7581.60777155  187544.444389 870.972002918 7500.402132169999  187633.333266 764.1475818280001 7407.57028465  187751.85177 575.673703088 7238.86773435  187840.740648 445.880743113 7122.07211402  187899.9999 0.477279031122 6700.45522551  
187100 1192.29996758 7920.636081189999  187159.259252 1154.14417502 7886.66282182  187248.14813 1092.48901632 7830.50070035  187366.666633 997.156528647 7740.3714344  187455.555511 917.830983615 7663.72774362  187544.444389 827.312657329 7574.302648809999  187633.333266 725.842481622 7472.283883120001  187751.85177 546.8169323989999 7287.47585325  187840.740648 423.53407124 7159.55467473  187899.9999 0.453362084364 6700.49512786  
187100 1123.85005349 8024.454973839999  187159.259252 1087.86134145 7987.0586951  187248.14813 1029.72114007 7925.37676636  187366.666633 939.830232162 7826.78227023  187455.555511 865.040060777 7743.12270695  187544.444389 779.705705049 7645.727790729999  187633.333266 684.051301261 7534.80725861  187751.85177 515.30770995 7334.40940827  187840.740648 399.099309601 7195.71241663  187899.9999 0.427164669196 6700.5335732  
187100 1049.7193301 8124.305746139999  187159.259252 1016.07270444 8083.59671321  187248.14813 961.723766554 8016.58882311  187366.666633 877.713212741 7909.82220557  187455.555511 807.8259536309999 7819.39432244  187544.444389 728.0937695089999 7714.322100859999  187633.333266 638.731397704 7594.82509501  187751.85177 481.118975472 7379.43249759  187840.740648 372.564540681 7230.3609777  187899.9999 0.398686116442 6700.57036352  
187100 969.78352724 8219.58391759  187159.259252 938.6625406520001 8175.69258558  187248.14813 888.392237742 8103.58148046  187366.666633 810.717743873 7988.98460649  187455.555511 746.108509972 7892.08214597  187544.444389 672.416647492 7779.662551740001  187633.333266 589.8316481969999 7651.97144244  187751.85177 444.221493202 7422.26703557  187840.740648 343.915372868 7263.28609283  187899.9999 0.36792408374 6700.605269709999  
187100 883.919451774 8309.56714368  187159.259252 855.506914231 8262.65704523  187248.14813 809.62437427 8185.692566669999  187366.666633 738.752805632 8063.67208214  187455.555511 679.816583629 7960.62924471  187544.444389 612.608059734 7841.25736045  187633.333266 537.306248155 7705.8091449  187751.85177 404.584847798 7462.58864443  187840.740648 313.139604726 7294.23643813  187899.9999 0.334877809017 6700.63802652  
187100 792.011145877 8393.389209300001  187159.259252 766.503648872 8343.64624344  187248.14813 725.326935738 8262.131400279999  187366.666633 661.7442865639999 8133.163073180001  187455.555511 608.88332808 8024.38031152  187544.444389 548.62322436 7898.50972974  187633.333266 481.115310925 7755.82525861  187751.85177 362.194043783 7500.00862  187840.740648 280.232249551 7322.91900432  187899.9999 0.299557929095 6700.66832526  
187100 694.015915199 8470.02783031  187159.259252 671.616494687 8417.672183780001  187248.14813 635.466280847 8331.969575380001  187366.666633 579.6715085989999 8196.611600029999  187455.555511 533.2989051 8082.55587905  187544.444389 480.451183189 7950.72723032  187633.333266 421.264949683 7801.40681826  187751.85177 317.052724504 7534.07600213  187840.740648 245.212505853 7348.98349296  187899.9999 0.261994886543 6700.69580086  
187100 590.104406143 8538.45781399  187159.259252 571.013945325 8483.74879055  187248.14813 540.211364859 8394.277990699999  187366.666633 492.698658113 8253.179041919999  187455.555511 453.2210633289999 8134.39190052  187544.444389 408.246856066 7997.22302186  187633.333266 357.889604972 7841.9653779  187751.85177 269.280368583 7564.348661  187840.740648 208.174941541 7372.10358492  187899.9999 0.222306727073 6700.720114010001  
187100 480.560644451 8597.49547595  187159.259252 464.976474507 8540.737330030001  187248.14813 439.839298982 8447.987579179999  187366.666633 401.084723019 8301.906093259999  187455.555511 368.894669464 8179.016875920001  187544.444389 332.236612736 8037.224286320001  187633.333266 291.20262073 7876.82948187  187751.85177 219.039467744 7590.33988865  187840.740648 169.261545539 7391.91482355  187899.9999 0.180656209821 6700.7408992  
187100 365.860231096 8645.817029100001  187159.259252 353.968469043 8587.36629984  187248.14813 334.792581312 8491.91134144  187366.666633 305.24362683 8341.726160909999  187455.555511 280.706750626 8215.46284307  187544.444389 252.774020156 8069.872695000001  187633.333266 221.515113813 7905.26362563  187751.85177 166.575790289 7611.510146209999  187840.740648 128.667578614 7408.02143991  187899.9999 0.137261392134 6700.75775906  
187100 207.045535715 8694.072680499999  187159.259252 200.294570815 8633.917374279999  187248.14813 189.412672339 8535.74070389  187366.666633 172.655979618 8381.434353859999  187455.555511 158.747803833 8251.78584753  187544.444389 142.92206901 8102.390738620001  187633.333266 125.218105105 7933.56341486  187751.85177 94.12633841280001 7632.55656986  187840.740648 72.6652312082 7424.00625345  187899.9999 0.0774672631474 6700.77445671  
187100 82.9148082073 8709.907173170001  187159.259252 80.2101228856 8649.18437069  187248.14813 75.85074428450001 8550.103144659999  187366.666633 69.1383689048 8394.431379879999  187455.555511 63.5673373685 8263.663656949999  187544.444389 57.2287845722 8113.01324204  187633.333266 50.1382656314 7942.79665783  187751.85177 37.68730388399999 7639.409628670001  187840.740648 29.0926123257 7429.19597072  187899.9999 0.0310126844873 6700.77985893  
187100 1.12239512857e-12 8709.85915468  187159.259252 1.08897701626e-12 8649.138520499999  187248.14813 1.01817140698e-12 8550.060673620001  187366.666633 9.44722176421e-13 8394.393771290001  187455.555511 8.161530111560001e-13 8263.629892280002  187544.444389 9.256846419750001e-13 8112.98366206  187633.333266 9.76989070063e-14 7942.77157251  187751.85177 8.903952103419999e-13 7639.39180697  187840.740648 1.96701979979e-13 7429.18333841  187899.9999 4.12856162917e-16 6700.77984684  

0 4
0.0408163265306 1
0.0612244897959 1
0.0816326530612 1
0.102040816327 1
0.122448979592 1
0.142857142857 1
0.163265306122 1
0.183673469388 1
0.204081632653 1
0.224489795918 1
0.244897959184 1
0.265306122449 1
0.285714285714 1
0.30612244898 1
0.326530612245 1
0.34693877551 1
0.367346938776 1
0.387755102041 1
0.408163265306 1
0.428571428571 1
0.448979591837 1
0.469387755102 1
0.489795918367 1
0.510204081633 1
0.530612244898 1
0.551020408163 1
0.5714285714290001 1
0.591836734694 1
0.6122448979589999 1
0.632653061224 1
0.65306122449 1
0.673469387755 1
0.69387755102 1
0.714285714286 1
0.734693877551 1
0.755102040816 1
0.775510204082 1
0.7959183673470001 1
0.816326530612 1
0.836734693878 1
0.857142857143 1
0.877551020408 1
0.897959183673 1
0.918367346939 1
0.938775510204 1
0.959183673469 1
1 4

0 4
0.222222222222 1
0.333333333333 1
0.444444444444 1
0.555555555556 1
0.666666666667 1
0.7777777777779999 1
1 4

 0 0 1 20 1 0
4 1 13 TModel_Entity 0 1 22 1 0
5 0 0  0 0 4 1 0 1 25 1 0
6 1 0  0 0 0 0 -1 0 0 0 1 -1 0 0 -1 0 0 -1 0 0 0 1 35 1 0
7 0 0  1 0 0 433 7 0 0  3 10 8  187100 0 4193.51101788  187159.259252 0 4279.08401658  187248.14813 0 4415.88333091  187366.666633 0 4623.80865343  187455.555511 0 4795.05787411  187544.444389 0 4988.42416757  187633.333266 0 5203.376248539999  187751.85177 0 5577.90790614  187840.740648 0 5835.20165052  187899.9999 0 6699.07775936 
 0 4 0.222222222222 1 0.333333333333 1 0.444444444444 1 0.555555555556 1 0.666666666667 1 0.7777777777779999 1 1 4
 0 1 38 1 0
8 0 0  0 0 21 8 -1 -0
1 0 0 -0 -1 
 0 1 -1 1 0 0 2.00231145025394824e-01 0 1 44 1 0
9 1 8 Vertex 1 0 0 0 0 4 0 0 0 1 25 6 2 25
10 2 0  -1 30 1 0
11 37 13 TModel_Entity 0 0 -1 25
12 28 0  -1 30 11 -1 25 10 35
13 0 0  1 2662 7 0 0  3 50 48  187100 0 4193.51101788  187100 82.90479623579999 4193.47399447  187100 207.077163315 4208.24749296  187100 366.672919349 4253.7750861  187100 482.362886587 4299.65295504  187100 593.2686555160001 4356.07660481  187100 698.844055947 4421.910120189999  187100 798.702099145 4496.10711346  187100 892.572631163 4577.72899195  187100 980.4176933479999 4665.78681007  187100 1062.26260723 4759.43473754  187100 1138.15745667 4857.95575642  187100 1208.16054744 4960.742718439999  187100 1272.31926927 5067.26926624  187100 1330.66853553 5177.08162831  187100 1383.22838117 5289.778176059999  187100 1429.98446094 5405.00066076  187100 1471.05717197 5522.36620055  187100 1506.5641908 5641.53113873  187100 1536.59112826 5762.19197971  187100 1561.19690564 5884.07281306  187100 1580.41471024 6006.9175194  187100 1594.24164554 6130.48485889  187100 1602.68117669 6254.53783247  187100 1605.58537713 6378.84234071  187100 1603.24907702 6503.15487054  187100 1596.19568662 6627.28572192  187100 1584.32833419 6751.050883659999  187100 1567.68599497 6874.26445931  187100 1546.24087205 6996.73446038  187100 1519.9519764 7118.257137789999  187100 1488.74994114 7238.61402725  187100 1452.53935931 7357.5614427  187100 1411.20343518 7474.82946635  187100 1364.57983044 7590.10032194  187100 1312.58374498 7703.0512877  187100 1255.18164009 7813.35569027  187100 1192.29996758 7920.636081189999  187100 1123.85005349 8024.454973839999  187100 1049.7193301 8124.305746139999  187100 969.78352724 8219.58391759  187100 883.919451774 8309.56714368  187100 792.011145877 8393.389209300001  187100 694.015915199 8470.02783031  187100 590.104406143 8538.45781399  187100 480.560644451 8597.49547595  187100 365.860231096 8645.817029100001  187100 207.045535715 8694.072680499999  187100 82.9148082073 8709.907173170001  187100 1.12239512857e-12 8709.85915468 
 0 4 0.0408163265306 1 0.0612244897959 1 0.0816326530612 1 0.102040816327 1 0.122448979592 1 0.142857142857 1 0.163265306122 1 0.183673469388 1 0.204081632653 1 0.224489795918 1 0.244897959184 1 0.265306122449 1 0.285714285714 1 0.30612244898 1 0.326530612245 1 0.34693877551 1 0.367346938776 1 0.387755102041 1 0.408163265306 1 0.428571428571 1 0.448979591837 1 0.469387755102 1 0.489795918367 1 0.510204081633 1 0.530612244898 1 0.551020408163 1 0.5714285714290001 1 0.591836734694 1 0.6122448979589999 1 0.632653061224 1 0.65306122449 1 0.673469387755 1 0.69387755102 1 0.714285714286 1 0.734693877551 1 0.755102040816 1 0.775510204082 1 0.7959183673470001 1 0.816326530612 1 0.836734693878 1 0.857142857143 1 0.877551020408 1 0.897959183673 1 0.918367346939 1 0.938775510204 1 0.959183673469 1 1 4
 38
14 0 0  21 8 -1 -0
1 0 1 -1 -0 
 -1 1 2.00231145025394824e-01 44 9 44
15 3 8 Vertex 3 4 0 2 25 10 3 25
16 3 0  -1 30
17 55 13 TModel_Entity -1 25 16 -1 -1 -1 35
18 0 0  1 617 7 0 0  3 10 8  187100 1.12239512857e-12 8709.85915468  187159.259252 1.08897701626e-12 8649.138520499999  187248.14813 1.01817140698e-12 8550.060673620001  187366.666633 9.44722176421e-13 8394.393771290001  187455.555511 8.161530111560001e-13 8263.629892280002  187544.444389 9.256846419750001e-13 8112.98366206  187633.333266 9.76989070063e-14 7942.77157251  187751.85177 8.903952103419999e-13 7639.39180697  187840.740648 1.96701979979e-13 7429.18333841  187899.9999 4.12856162917e-16 6700.77984684 
 0 4 0.222222222222 1 0.333333333333 1 0.444444444444 1 0.555555555556 1 0.666666666667 1 0.7777777777779999 1 1 4
 38
19 0 0  17 8 0 1
1 1 0 0 1 
 -1 1 2.00231145025394824e-01 44 15 44
20 4 8 Vertex 4 2 0 3 25 16 4 25
21 4 0  -1 30
22 52 13 TModel_Entity -1 25 21 -1 -1 -1 35
23 0 0  1 2976 7 0 0  3 50 48  187899.9999 0 6699.07775936  187899.9999 0.0310230707489 6699.07773482  187899.9999 0.0774346998026 6699.08421611  187899.9999 0.136402306704 6699.10370229  187899.9999 0.178753010153 6699.12306307  187899.9999 0.218963363183 6699.146522720001  187899.9999 0.256896865554 6699.17349528  187899.9999 0.292493705368 6699.203471479999  187899.9999 0.3257420591 6699.236025470001  187899.9999 0.356704434723 6699.27075386  187899.9999 0.385462330855 6699.30732288  187899.9999 0.412096732063 6699.345463780001  187899.9999 0.436681253594 6699.38495354  187899.9999 0.459281920004 6699.425609360001  187899.9999 0.479954101761 6699.46727772  187899.9999 0.498742994039 6699.50982722  187899.9999 0.515682749856 6699.55314584  187899.9999 0.5308032641589999 6699.59713094  187899.9999 0.544172014112 6699.64167926  187899.9999 0.555841408577 6699.68670179  187899.9999 0.565855096767 6699.73212074  187899.9999 0.574246451018 6699.77786687  187899.9999 0.5810406549679999 6699.82387727  187899.9999 0.586250383706 6699.870093160001  187899.9999 0.589893526577 6699.916459919999  187899.9999 0.591929008922 6699.9629227  187899.9999 0.5924969209150001 6700.00943081  187899.9999 0.5909430649189999 6700.05592036  187899.9999 0.58714222178 6700.102280470001  187899.9999 0.5811555312360001 6700.148408749999  187899.9999 0.572981167333 6700.19420032  187899.9999 0.562620662096 6700.2395476  187899.9999 0.5500612677679999 6700.28433642  187899.9999 0.535280166192 6700.32844261  187899.9999 0.5182465279440001 6700.37173019  187899.9999 0.498912163111 6700.41404142  187899.9999 0.477279031122 6700.45522551  187899.9999 0.453362084364 6700.49512786  187899.9999 0.427164669196 6700.5335732  187899.9999 0.398686116442 6700.57036352  187899.9999 0.36792408374 6700.605269709999  187899.9999 0.334877809017 6700.63802652  187899.9999 0.299557929095 6700.66832526  187899.9999 0.261994886543 6700.69580086  187899.9999 0.222306727073 6700.720114010001  187899.9999 0.180656209821 6700.7408992  187899.9999 0.137261392134 6700.75775906  187899.9999 0.0774672631474 6700.77445671  187899.9999 0.0310126844873 6700.77985893  187899.9999 4.12856162917e-16 6700.77984684 
 0 4 0.0408163265306 1 0.0612244897959 1 0.0816326530612 1 0.102040816327 1 0.122448979592 1 0.142857142857 1 0.163265306122 1 0.183673469388 1 0.204081632653 1 0.224489795918 1 0.244897959184 1 0.265306122449 1 0.285714285714 1 0.30612244898 1 0.326530612245 1 0.34693877551 1 0.367346938776 1 0.387755102041 1 0.408163265306 1 0.428571428571 1 0.448979591837 1 0.469387755102 1 0.489795918367 1 0.510204081633 1 0.530612244898 1 0.551020408163 1 0.5714285714290001 1 0.591836734694 1 0.6122448979589999 1 0.632653061224 1 0.65306122449 1 0.673469387755 1 0.69387755102 1 0.714285714286 1 0.734693877551 1 0.755102040816 1 0.775510204082 1 0.7959183673470001 1 0.816326530612 1 0.836734693878 1 0.857142857143 1 0.877551020408 1 0.897959183673 1 0.918367346939 1 0.938775510204 1 0.959183673469 1 1 4
 38
24 0 0  21 8 -1 -0
1 0 1 -1 -0 
 -1 1 2.00231145025394824e-01 44
25 2 8 Vertex 2 2 0 1 25 6 4 25 21 0 0 0 0 0 0 0 0 1.87899999900000024e+05 0.00000000000000000e+00 6.69907775935999962e+03 44 20 0 0 1.87899999900000024e+05 4.12856162916999978e-16 6.70077984683999966e+03 27 25
26 27 0  -1 30
27 36 13 TModel_Entity -1 25 26 -1 -1 -1 35
28 0 0  1 593 7 0 0  3 10 8  180700 2.04462429824e-12 9400  181174.074074 2.04957166555e-12 9483.48469476  181885.185185 2.05270280564e-12 9608.096830659999  182833.333333 2.03632385061e-12 9731.352927830001  183544.444444 1.99742852298e-12 9789.49570154  184255.555555 1.96189656212e-12 9796.77025625  184966.666667 1.77463834754e-12 9728.351692049999  185914.814814 2.0195214743e-12 9508.76266353  186625.925925 -2.46438555355e-13 9167.363411849999  187100 1.12239512857e-12 8709.85915468 
 0 4 0.222222222222 1 0.333333333333 1 0.444444444444 1 0.555555555556 1 0.666666666667 1 0.7777777777779999 1 1 4
 38
29 0 0  17 8 0 1
1 1 0 0 1 
 -1 1 2.00231145025394824e-01 44
30 23 9 Vertex 23 6 0 26 25
31 26 0  -1 30
32 35 13 TModel_Entity -1 25 31 -1 -1 -1 35
33 0 0  1 2627 7 0 0  3 50 48  180700 0 700  180700 156.714997264 699.980368243  180700 391.636753501 722.727978591  180700 696.9199036130001 794.848704455  180700 920.257329293 868.773145239  180700 1136.46822773 961.4665914669999  180700 1344.1954741 1071.85374062  180700 1542.13545943 1198.94490342  180700 1729.25940008 1341.46169395  180700 1904.84920854 1497.95009869  180700 2068.22229674 1667.1431028  180700 2218.73732895 1847.86256088  180700 2355.7452801 2039.02241251  180700 2478.5880906 2239.58072519  180700 2586.51208374 2448.54440402  180700 2679.16254884 2664.70905372  180700 2756.28746482 2886.88229115  180700 2817.59288378 3113.93449169  180700 2862.65255569 3344.7515325  180700 2891.34495339 3578.1981509  180700 2902.18745654 3813.12529924  180700 2898.6119416 4048.19192013  180700 2891.79455608 4283.122275870001  180700 2878.99099399 4517.83125499  180700 2860.91659624 4752.18209942  180700 2837.32770629 4986.04687939  180700 2808.20445952 5219.28645929  180700 2773.43195951 5451.7527491  180700 2732.88416982 5683.27973874  180700 2686.39617252 5913.69350118  180700 2633.77197628 6142.7797317  180700 2574.77435933 6370.31531141  180700 2509.11883737 6596.019839940001  180700 2436.5031231 6819.58611298  180700 2356.73698377 7040.70534954  180700 2269.56380258 7259.01363819  180700 2174.67459199 7474.08456449  180700 2071.69388412 7685.40638995  180700 1960.17105532 7892.356255180001  180700 1839.5687059 8094.16490626  180700 1709.2554407 8289.857896810001  180700 1568.49860057 8478.20240939  180700 1416.44324437 8657.589606809999  180700 1252.23690925 8825.97201369  180700 1075.18695186 8980.870155959999  180700 884.696542787 9119.02754363  180700 680.5258417499999 9236.238339590001  180700 390.875253118 9357.650070109999  180700 156.956804983 9400.262145709999  180700 2.04462429824e-12 9400 
 0 4 0.0408163265306 1 0.0612244897959 1 0.0816326530612 1 0.102040816327 1 0.122448979592 1 0.142857142857 1 0.163265306122 1 0.183673469388 1 0.204081632653 1 0.224489795918 1 0.244897959184 1 0.265306122449 1 0.285714285714 1 0.30612244898 1 0.326530612245 1 0.34693877551 1 0.367346938776 1 0.387755102041 1 0.408163265306 1 0.428571428571 1 0.448979591837 1 0.469387755102 1 0.489795918367 1 0.510204081633 1 0.530612244898 1 0.551020408163 1 0.5714285714290001 1 0.591836734694 1 0.6122448979589999 1 0.632653061224 1 0.65306122449 1 0.673469387755 1 0.69387755102 1 0.714285714286 1 0.734693877551 1 0.755102040816 1 0.775510204082 1 0.7959183673470001 1 0.816326530612 1 0.836734693878 1 0.857142857143 1 0.877551020408 1 0.897959183673 1 0.918367346939 1 0.938775510204 1 0.959183673469 1 1 4
 38
34 0 0  17 8 0 1
1 0 0 1 0 
 -1 1 2.00231145025394824e-01 44
35 22 9 Vertex 22 4 0 25 25
36 25 0  -1 30
37 34 13 TModel_Entity -1 25 36 -1 -1 -1 35
38 0 0  1 413 7 0 0  3 10 8  180700 0 700  181174.074074 0 838.54843511  181885.185185 0 1049.24005307  182833.333333 0 1366.71161654  183544.444444 0 1632.953674  184255.555555 0 1940.46441673  184966.666667 0 2309.68599582  185914.814814 0 2916.83004179  186625.925925 0 3539.29776063  187100 0 4193.51101788 
 0 4 0.222222222222 1 0.333333333333 1 0.444444444444 1 0.555555555556 1 0.666666666667 1 0.7777777777779999 1 1 4
 38
39 0 0  21 8 -1 -0
1 0 0 -0 -1 
 -1 1 2.00231145025394824e-01 44 35 44 9 26 25 31 64 25
40 64 0  -1 30
41 51 13 TModel_Entity -1 25 40 -1 -1 -1 35
42 0 0  1 2360 7 0 0  3 50 48  173699.999986 0 0  173786.408716 0 -8.73029275363e-05  173916.601911 0 -0.0593112856178  174091.09341 0 -0.0990173147866  174222.892504 0 -0.0699626318092  174355.399752 0 0.05731147357600001  174488.602881 0 0.322127610501  174622.489609 0 0.76381165736  174757.047659 0 1.42168795689  174892.264757 0 2.33508067875  175028.128624 0 3.54331352138  175164.626987 0 5.085709861370001  175301.74757 0 7.0015927817  175439.478099 0 9.330285131589999  175577.806301 0 12.1111095761  175716.719902 0 15.3833886469  175856.206628 0 19.1864447896  175996.254206 0 23.5596004102  176136.850363 0 28.5421779185  176277.982826 0 34.173499769  176419.63932 0 40.4928884993  176561.807573 0 47.5396667661  176704.47531 0 55.3531573776  176847.630258 0 63.97268332390001  176991.260142 0 73.437567804  177135.352688 0 83.7871342501  177279.895619 0 95.0607063489  177424.876661 0 107.29760806  177570.283537 0 120.53716363  177716.103972 0 134.818697609  177862.325687 0 150.181534855  178008.936404 0 166.665000544  178155.923847 0 184.308420175  178303.275735 0 203.151119566  178450.97979 0 223.232424859  178599.02373 0 244.59166251  178747.395276 0 267.268159286  178896.082145 0 291.301242251  179045.072056 0 316.73023876  179194.352726 0 343.594476438  179343.91187 0 371.933283165  179493.737205 0 401.7859870520001  179643.816446 0 433.191916452  179794.137307 0 466.190399792  179944.687501 0 500.820766096  180095.454742 0 537.122342894  180246.426739 0 575.134463946  180448.601045 0 628.3139562299999  180599.568765 0 670.645056717  180700 0 700 
 0 4 0.03673706704 1 0.0551943449054 1 0.0737139258993 1 0.0922980570993 1 0.110948903644 1 0.129668552684 1 0.14845901745 1 0.167322241441 1 0.186260102701 1 0.205274418185 1 0.224366948183 1 0.243539400804 1 0.262793436504 1 0.282130672633 1 0.301552688005 1 0.321061027468 1 0.34065720647 1 0.360342715612 1 0.380119025166 1 0.399987589564 1 0.419949851849 1 0.440007248065 1 0.460161211595 1 0.480413177439 1 0.500764586415 1 0.5212168892870001 1 0.541771550817 1 0.562430053724 1 0.583193902558 1 0.60406462748 1 0.625043787944 1 0.646132976274 1 0.667333821143 1 0.688647990937 1 0.710077197014 1 0.7316231968419999 1 0.753287797029 1 0.775072856223 1 0.796980287903 1 0.819012063031 1 0.841170212591 1 0.86345682999 1 0.88587407333 1 0.908424167554 1 0.931109406447 1 0.953932154511 1 1 4
 38
43 0 0  17 8 0 1
1 0 0 1 0 
 -1 1 2.00231145025394824e-01 44
44 25 9 Vertex 25 4 0 29 25
45 29 0  -1 30
46 38 13 TModel_Entity -1 25 45 -1 -1 -1 35
47 0 0  1 1408 7 0 0  3 40 38  163529.999992 0 0  163703.846146 0 0  163964.61538 0 0  164312.307687 0 0  164573.076928 0 0  164833.84613 0 0  165094.615371 0 0  165355.384601 0 0  165616.153834 0 0  165876.923066 0 0  166137.692299 0 0  166398.461531 0 0  166659.230763 0 0  166919.999996 0 0  167180.769226 0 0  167441.538467 0 0  167702.307669 0 0  167963.07691 0 0  168223.84614 0 0  168484.615373 0 0  168745.384605 0 0  169006.153838 0 0  169266.92307 0 0  169527.692302 0 0  169788.461535 0 0  170049.230765 0 0  170310.000006 0 0  170570.769208 0 0  170831.538449 0 0  171092.307679 0 0  171353.076912 0 0  171613.846144 0 0  171874.615377 0 0  172135.384609 0 0  172396.153842 0 0  172656.923072 0 0  172917.692312 0 0  173265.384583 0 0  173526.153839 0 0  173699.999986 0 0 
 0 4 0.0512820512821 1 0.07692307692310001 1 0.102564102564 1 0.128205128205 1 0.153846153846 1 0.179487179487 1 0.205128205128 1 0.230769230769 1 0.25641025641 1 0.282051282051 1 0.307692307692 1 0.333333333333 1 0.358974358974 1 0.384615384615 1 0.410256410256 1 0.435897435897 1 0.461538461538 1 0.487179487179 1 0.5128205128210001 1 0.538461538462 1 0.564102564103 1 0.589743589744 1 0.615384615385 1 0.641025641026 1 0.666666666667 1 0.692307692308 1 0.7179487179489999 1 0.74358974359 1 0.769230769231 1 0.794871794872 1 0.820512820513 1 0.846153846154 1 0.871794871795 1 0.8974358974360001 1 0.923076923077 1 0.948717948718 1 1 4
 38
48 0 0  21 8 -1 -0
1 0 0 -0 -1 
 -1 1 2.00231145025394824e-01 44
49 24 9 Vertex 24 4 0 29 25 45 30 25
50 30 0  -1 30
51 39 13 TModel_Entity -1 25 50 25
52 59 0  -1 30 51 -1 25 50 35
53 0 0  1 2963 7 0 0  3 50 48  163529.998997 0 0  163529.998997 413.832642564 -47.3661718356  163529.998997 941.550823531 274.076005882  163529.998997 1455.06986817 867.689607173  163529.998997 1789.02246041 1354.03752633  163529.998997 2086.13330219 1862.6966959  163529.998997 2358.31731585 2385.20060685  163529.998997 2613.75857501 2915.86262737  163529.998997 2858.01465573 3451.8315313  163529.998997 3094.96824986 3991.00747779  163529.998997 3327.60857348 4532.075961340001  163529.998997 3558.25867419 5073.982431330001  163529.998997 3788.91036836 5615.90664773  163529.998997 4021.08157886 6157.158628810001  163529.998997 4257.26920067 6696.70438206  163529.998997 4500.1934216 7233.22848659  163529.998997 4752.346146 7765.50829424  163529.998997 5016.135153339999 8292.132851830002  163529.998997 5293.91720232 8811.533767629999  163529.998997 5587.990748570001 9321.91622974  163529.998997 5900.657240080001 9821.14922779  163529.998997 6233.90082282 10306.9510261  163529.998997 6590.35352483 10775.9877917  163529.998997 6967.34038887 11228.6409544  163529.998997 7360.79388345 11666.9951696  163529.998997 7767.72118963 12092.8516531  163529.998997 8185.42042977 12508.0941047  163529.998997 8611.636538950001 12914.5817291  163529.998997 9044.382822579999 13314.1121004  163529.998997 9481.87401822 13708.4065705  163529.998997 9922.523519209999 14099.1766905  163529.998997 10364.8185222 14488.0732246  163529.998997 10807.3149732 14876.744754  163529.998997 11248.5604677 15266.829916  163529.998997 11687.0768517 15660.0038399  163529.998997 12121.2533751 16057.945065  163529.998997 12549.3797623 16462.4317772  163529.998997 12969.4809392 16875.2588516  163529.998997 13379.3148304 17298.3034529  163529.998997 13776.2663506 17733.4913407  163529.998997 14157.2599046 18182.7668564  163529.998997 14518.6416016 18647.9833738  163529.998997 14856.1923304 19130.9076577  163529.998997 15164.9170423 19632.7701172  163529.998997 15439.3374351 20154.3228438  163529.998997 15673.5377666 20695.2149249  163529.998997 15861.7384568 21253.8708726  163529.998997 16044.74607 22018.3890222  163529.998997 16100.2766441 22607.3372748  163529.998997 16100 23000 
 0 4 0.0408163265306 1 0.0612244897959 1 0.0816326530612 1 0.102040816327 1 0.122448979592 1 0.142857142857 1 0.163265306122 1 0.183673469388 1 0.204081632653 1 0.224489795918 1 0.244897959184 1 0.265306122449 1 0.285714285714 1 0.30612244898 1 0.326530612245 1 0.34693877551 1 0.367346938776 1 0.387755102041 1 0.408163265306 1 0.428571428571 1 0.448979591837 1 0.469387755102 1 0.489795918367 1 0.510204081633 1 0.530612244898 1 0.551020408163 1 0.5714285714290001 1 0.591836734694 1 0.6122448979589999 1 0.632653061224 1 0.65306122449 1 0.673469387755 1 0.69387755102 1 0.714285714286 1 0.734693877551 1 0.755102040816 1 0.775510204082 1 0.7959183673470001 1 0.816326530612 1 0.836734693878 1 0.857142857143 1 0.877551020408 1 0.897959183673 1 0.918367346939 1 0.938775510204 1 0.959183673469 1 1 4
 38
54 0 0  21 8 -1 -0
1 0 1 -1 -0 
 -1 1 2.00231145025394824e-01 44 49 44
55 26 9 Vertex 26 4 0 30 25 50 31 25
56 31 0  -1 30
57 40 13 TModel_Entity -1 25 56 -1 -1 -1 35
58 0 0  1 2033 7 0 0  3 40 38  163529.999992 16100 23000  163703.846146 16099.9999057 23000  163964.61538 16097.2443342 23000  164312.307687 16088.1849725 23000  164573.076928 16078.7282411 23000  164833.84613 16066.6390346 23000  165094.615371 16051.9463515 23000  165355.384601 16034.6784895 23000  165616.153834 16014.8630616 23000  165876.923066 15992.5270142 23000  166137.692299 15967.6966444 23000  166398.461531 15940.3976166 23000  166659.230763 15910.6549777 23000  166919.999996 15878.4931737 23000  167180.769226 15843.936061 23000  167441.538467 15807.006926 23000  167702.307669 15767.7284903 23000  167963.07691 15726.1229321 23000  168223.84614 15682.2118906 23000  168484.615373 15636.0164823 23000  168745.384605 15587.5573106 23000  169006.153838 15536.8544762 23000  169266.92307 15483.9275857 23000  169527.692302 15428.7957667 23000  169788.461535 15371.4776663 23000  170049.230765 15311.991472 23000  170310.000006 15250.3549097 23000  170570.769208 15186.5852582 23000  170831.538449 15120.6993501 23000  171092.307679 15052.713587 23000  171353.076912 14982.643937 23000  171613.846144 14910.5059452 23000  171874.615377 14836.3147405 23000  172135.384609 14760.0850356 23000  172396.153842 14681.8311372 23000  172656.923072 14601.5669462 23000  172917.692312 14519.3059672 23000  173265.384583 14406.979736 23000  173526.153839 14319.778626 23000  173699.999986 14260.3468919 23000 
 0 4 0.0512820512821 1 0.07692307692310001 1 0.102564102564 1 0.128205128205 1 0.153846153846 1 0.179487179487 1 0.205128205128 1 0.230769230769 1 0.25641025641 1 0.282051282051 1 0.307692307692 1 0.333333333333 1 0.358974358974 1 0.384615384615 1 0.410256410256 1 0.435897435897 1 0.461538461538 1 0.487179487179 1 0.5128205128210001 1 0.538461538462 1 0.564102564103 1 0.589743589744 1 0.615384615385 1 0.641025641026 1 0.666666666667 1 0.692307692308 1 0.7179487179489999 1 0.74358974359 1 0.769230769231 1 0.794871794872 1 0.820512820513 1 0.846153846154 1 0.871794871795 1 0.8974358974360001 1 0.923076923077 1 0.948717948718 1 1 4
 38
59 0 0  17 8 0 1
1 1 0 0 1 
 -1 1 2.00231145025394824e-01 44 55 44
60 11 9 Vertex 11 4 0 10 25
61 10 0  -1 30
62 45 13 TModel_Entity -1 25 61 -1 -1 -1 35
63 0 0  1 2956 7 0 0  3 50 48  173699.999986 1803.2804551 10500  173699.999986 1839.79888121 10743.3014914  173699.999986 1917.28900384 11104.8679833  173699.999986 2065.68851182 11574.179141  173699.999986 2198.928602 11918.4921107  173699.999986 2353.10356086 12253.928697  173699.999986 2526.90043736 12579.62185  173699.999986 2718.76734128 12894.9702999  173699.999986 2927.06592989 13199.7289872  173699.999986 3150.07325653 13493.8413356  173699.999986 3386.15074947 13777.5458971  173699.999986 3633.76622581 14051.2640086  173699.999986 3891.44918878 14315.4808489  173699.999986 4157.89593897 14570.8101478  173699.999986 4431.97269801 14817.9453319  173699.999986 4712.63525999 15057.5662173  173699.999986 4998.97046028 15290.3716145  173699.999986 5290.1702169 15517.0525584  173699.999986 5585.52189486 15738.2873393  173699.999986 5884.3940591 15954.7353367  173699.999986 6186.22423441 16167.0347592  173699.999986 6490.50717222 16375.8018405  173699.999986 6796.78514395 16581.631992  173699.999986 7104.6365099 16785.1000323  173699.999986 7413.676021339999 16986.7679462  173699.999986 7723.51622915 17187.1673238  173699.999986 8033.830213810001 17386.8470559  173699.999986 8344.273250849999 17586.3293868  173699.999986 8654.51007203 17786.1344731  173699.999986 8964.20185551 17986.7783499  173699.999986 9273.00906536 18188.7810708  173699.999986 9580.584067400001 18392.6683432  173699.999986 9886.54884012 18598.9628664  173699.999986 10190.508992 18808.1994433  173699.999986 10492.0388938 19020.9209643  173699.999986 10790.6788077 19237.6821927  173699.999986 11085.9206685 19459.0446524  173699.999986 11377.2238251 19685.5940053  173699.999986 11663.9601774 19917.9020079  173699.999986 11945.4448153 20156.5508371  173699.999986 12220.9182882 20402.1197497  173699.999986 12489.5388409 20655.1751171  173699.999986 12750.3726043 20916.2524704  173699.999986 13002.4097971 21185.8590171  173699.999986 13244.5341537 21464.4194768  173699.999986 13475.5507878 21752.2665555  173699.999986 13694.2076405 22049.6211987  173699.999986 13967.5568375 22458.8621775  173699.999986 14150.1692121 22780.0222044  173699.999986 14260.3468919 23000 
 0 4 0.0408163265306 1 0.0612244897959 1 0.0816326530612 1 0.102040816327 1 0.122448979592 1 0.142857142857 1 0.163265306122 1 0.183673469388 1 0.204081632653 1 0.224489795918 1 0.244897959184 1 0.265306122449 1 0.285714285714 1 0.30612244898 1 0.326530612245 1 0.34693877551 1 0.367346938776 1 0.387755102041 1 0.408163265306 1 0.428571428571 1 0.448979591837 1 0.469387755102 1 0.489795918367 1 0.510204081633 1 0.530612244898 1 0.551020408163 1 0.5714285714290001 1 0.591836734694 1 0.6122448979589999 1 0.632653061224 1 0.65306122449 1 0.673469387755 1 0.69387755102 1 0.714285714286 1 0.734693877551 1 0.755102040816 1 0.775510204082 1 0.7959183673470001 1 0.816326530612 1 0.836734693878 1 0.857142857143 1 0.877551020408 1 0.897959183673 1 0.918367346939 1 0.938775510204 1 0.959183673469 1 1 4
 38
64 0 0  17 8 0 1
1 0 0 1 0 
 -1 1 2.00231145025394824e-01 44
65 9 8 Vertex 9 4 0 9 25
66 9 0  -1 30
67 44 13 TModel_Entity -1 25 66 -1 -1 -1 35
68 0 0  1 2063 7 0 0  3 40 38  173699.999986 1803.2804551 10500  173807.127283 1763.35444403 10500  173967.818198 1704.0919984 10500  174182.072743 1626.36971219 10500  174342.763687 1568.73536382 10500  174503.454596 1511.76852701 10500  174664.145506 1455.47927458 10500  174824.83645 1399.87760832 10500  174985.527359 1344.97345708 10500  175146.218268 1290.77666836 10500  175306.909215 1237.29702355 10500  175467.600114 1184.54421544 10500  175628.291061 1132.52786503 10500  175788.981969 1081.25750693 10500  175949.672879 1030.74259912 10500  176110.363823 980.992509496 10500  176271.054732 932.016529254 10500  176431.745641 883.823855555 10500  176592.436585 836.423606083 10500  176753.127495 789.824806058 10500  176913.818404 744.036391053 10500  177074.509348 699.067208782 10500  177235.200257 654.9260140499999 10500  177395.891167 611.621470594 10500  177556.582111 569.1621485429999 10500  177717.27302 527.5565221860001 10500  177877.963929 486.812971652 10500  178038.654873 446.939783522 10500  178199.345783 407.945141529 10500  178360.036691 369.837139935 10500  178520.727638 332.623767477 10500  178681.418537 296.312917259 10500  178842.109484 260.912382298 10500  179002.800393 226.42985484 10500  179163.491302 192.872925715 10500  179324.182246 160.24908445 10500  179484.873155 128.565720278 10500  179699.127702 87.58491271689999 10500  179859.818658 58.2817278526 10500  179966.945918 39.3923101205 10500 
 0 4 0.0512820512821 1 0.07692307692310001 1 0.102564102564 1 0.128205128205 1 0.153846153846 1 0.179487179487 1 0.205128205128 1 0.230769230769 1 0.25641025641 1 0.282051282051 1 0.307692307692 1 0.333333333333 1 0.358974358974 1 0.384615384615 1 0.410256410256 1 0.435897435897 1 0.461538461538 1 0.487179487179 1 0.5128205128210001 1 0.538461538462 1 0.564102564103 1 0.589743589744 1 0.615384615385 1 0.641025641026 1 0.666666666667 1 0.692307692308 1 0.7179487179489999 1 0.74358974359 1 0.769230769231 1 0.794871794872 1 0.820512820513 1 0.846153846154 1 0.871794871795 1 0.8974358974360001 1 0.923076923077 1 0.948717948718 1 1 4
 38
69 0 0  21 8 -1 -0
1 0 0 -0 -1 
 -1 1 2.00231145025394824e-01 44 65 44
70 10 9 Vertex 10 7 0 9 25 66 12 25
71 12 0  -1 30
72 17 13 TModel_Entity -1 25
73 48 0  -1 30 72 -1 25 71 35
74 0 0  1 1752 7 0 0  3 30 28  179966.945918 39.3923101205 10500  179966.945918 39.0441862593 10903.3766165  179966.945918 100.499258189 11508.4736762  179966.945918 307.555013626 12289.2537994  179966.945918 521.700029344 12855.8552537  179966.945918 788.7826121000001 13399.3801791  179966.945918 1101.56601286 13917.7807681  179966.945918 1452.71646144 14410.9198198  179966.945918 1835.32839602 14879.8396027  179966.945918 2243.58706381 15326.641343  179966.945918 2672.38813287 15753.555001  179966.945918 3117.71644313 16163.1889068  179966.945918 3576.18897642 16558.008897  179966.945918 4045.04084525 16940.4114067  179966.945918 4521.99050092 17312.6732603  179966.945918 5005.04325152 17676.8873212  179966.945918 5492.57289544 18035.1085108  179966.945918 5983.08476091 18389.2499665  179966.945918 6475.18717178 18741.1387049  179966.945918 6967.61350681 19092.5967139  179966.945918 7459.06816693 19445.3929738  179966.945918 7948.27239934 19801.337581  179966.945918 8433.82550881 20162.2436293  179966.945918 8914.203921709999 20529.9860188  179966.945918 9387.75468032 20906.5675876  179966.945918 9852.461148230001 21294.0064969  179966.945918 10306.0285881 21694.4664266  179966.945918 10892.2442234 22248.7467899  179966.945918 11306.1546567 22690.7567887  179966.945918 11565.1516379 23000 
 0 4 0.0689655172414 1 0.103448275862 1 0.137931034483 1 0.172413793103 1 0.206896551724 1 0.241379310345 1 0.275862068966 1 0.310344827586 1 0.344827586207 1 0.379310344828 1 0.413793103448 1 0.448275862069 1 0.48275862069 1 0.51724137931 1 0.5517241379309999 1 0.586206896552 1 0.620689655172 1 0.655172413793 1 0.689655172414 1 0.724137931034 1 0.758620689655 1 0.793103448276 1 0.827586206897 1 0.862068965517 1 0.896551724138 1 0.931034482759 1 1 4
 38
75 0 0  21 8 -1 -0
1 0 0 -0 -1 
 -1 1 2.00231145025394824e-01 44 70 44
76 12 9 Vertex 12 4 0 11 25
77 11 0  -1 30
78 46 13 TModel_Entity -1 25 77 -1 -1 -1 35
79 0 0  1 2047 7 0 0  3 40 38  173699.999986 14260.3468919 23000  173807.127283 14223.7239004 23000  173967.818198 14168.0502181 23000  174182.072743 14092.3509418 23000  174342.763687 14034.8452391 23000  174503.454596 13976.6108401 23000  174664.145506 13917.6502425 23000  174824.83645 13857.9658831 23000  174985.527359 13797.5601454 23000  175146.218268 13736.4353574 23000  175306.909215 13674.5937904 23000  175467.600114 13612.0376622 23000  175628.291061 13548.7691278 23000  175788.981969 13484.7902963 23000  175949.672879 13420.1032035 23000  176110.363823 13354.7098748 23000  176271.054732 13288.6121136 23000  176431.745641 13221.8122785 23000  176592.436585 13154.3100051 23000  176753.127495 13086.1006436 23000  176913.818404 13017.18013 23000  177074.509348 12947.5439939 23000  177235.200257 12877.1876149 23000  177395.891167 12806.1061502 23000  177556.582111 12734.2945374 23000  177717.27302 12661.7474941 23000  177877.963929 12588.4594966 23000  178038.654873 12514.424786 23000  178199.345783 12439.6373498 23000  178360.036691 12364.0909128 23000  178520.727638 12287.7789318 23000  178681.418537 12210.694581 23000  178842.109484 12132.8307424 23000  179002.800393 12054.1799962 23000  179163.491302 11974.7345999 23000  179324.182246 11894.4864872 23000  179484.873155 11813.4272404 23000  179699.127702 11704.2550309 23000  179859.818658 11621.1323162 23000  179966.945918 11565.1516379 23000 
 0 4 0.0512820512821 1 0.07692307692310001 1 0.102564102564 1 0.128205128205 1 0.153846153846 1 0.179487179487 1 0.205128205128 1 0.230769230769 1 0.25641025641 1 0.282051282051 1 0.307692307692 1 0.333333333333 1 0.358974358974 1 0.384615384615 1 0.410256410256 1 0.435897435897 1 0.461538461538 1 0.487179487179 1 0.5128205128210001 1 0.538461538462 1 0.564102564103 1 0.589743589744 1 0.615384615385 1 0.641025641026 1 0.666666666667 1 0.692307692308 1 0.7179487179489999 1 0.74358974359 1 0.769230769231 1 0.794871794872 1 0.820512820513 1 0.846153846154 1 0.871794871795 1 0.8974358974360001 1 0.923076923077 1 0.948717948718 1 1 4
 38
80 0 0  17 8 0 1
1 1 0 0 1 
 -1 1 2.00231145025394824e-01 44 60 44 76 12 25 71 48 25 73 51 25
81 51 0  -1 30
82 20 13 TModel_Entity -1 25 81 -1 -1 -1 35
83 0 0  1 1001 7 0 0  3 20 18  179966.945918 11565.1516379 23000  180466.168093 11304.3796632 23000  181192.960829 10890.2989647 23000  182117.340469 10302.0553449 23000  182788.137457 9845.2319818 23000  183436.297629 9375.195333350001 23000  184061.671913 8894.3727623 23000  184664.111238 8405.191631419999 23000  185243.46653 7910.0793035 23000  185799.588716 7411.46314131 23000  186332.328726 6911.77050763 23000  186841.537485 6413.42876524 23000  187327.065922 5918.86527693 23000  187788.764965 5430.50740547 23000  188226.48554 4950.78251364 23000  188640.078576 4482.11796423 23000  189029.395 4026.94112 23000  189515.915985 3441.25875165 23000  189843.94459 3029.51062152 23000  190046.048391 2770.47663897 23000 
 0 4 0.105263157895 1 0.157894736842 1 0.210526315789 1 0.263157894737 1 0.315789473684 1 0.368421052632 1 0.421052631579 1 0.473684210526 1 0.526315789474 1 0.578947368421 1 0.631578947368 1 0.684210526316 1 0.736842105263 1 0.7894736842109999 1 0.8421052631580001 1 0.894736842105 1 1 4
 38
84 0 0  21 8 -1 -0
1 0 1 -1 -0 
 -1 1 2.00231145025394824e-01 44 76 44
85 21 9 Vertex 21 4 0 23 25
86 23 0  -1 30
87 32 13 TModel_Entity -1 25 86 -1 -1 -1 35
88 0 0  1 1156 7 0 0  3 20 18  179966.945927 39.3923101205 10499.9999988  179981.818609 38.7508432537 10938.596492  180101.747841 56.0864355407 11596.4912259  180475.223523 90.12848469640001 12473.6842109  180849.046215 119.596825586 13131.5789459  181306.141811 151.694666887 13789.4736846  181834.598231 186.44135117 14447.3684204  182423.485025 222.740755819 15105.2631562  183061.315654 261.736895617 15763.1578949  183736.957925 306.195593558 16421.0526299  184439.766415 360.253874572 17078.9473688  185159.46855 429.625253053 17736.8421038  185885.962017 521.670851492 18394.7368426  186608.92285 645.475533746 19052.6315783  187317.183417 811.859118459 19710.5263141  187997.917227 1033.2718143 20368.4210528  188635.763913 1323.54025474 21026.3157879  189403.326337 1821.74827272 21903.5087729  189849.732894 2342.42156771 22561.4035068  190046.048391 2770.47663897 23000 
 0 4 0.105263157895 1 0.157894736842 1 0.210526315789 1 0.263157894737 1 0.315789473684 1 0.368421052632 1 0.421052631579 1 0.473684210526 1 0.526315789474 1 0.578947368421 1 0.631578947368 1 0.684210526316 1 0.736842105263 1 0.7894736842109999 1 0.8421052631580001 1 0.894736842105 1 1 4
 38
89 0 0  17 8 0 1
1 1 0 0 1 
 -1 1 2.00231145025394824e-01 44 70 44 85 24 25
90 24 0  -1 30
91 33 13 TModel_Entity -1 25 90 -1 -1 -1 35
92 0 0  1 1500 7 0 0  3 30 28  191000 0 23000  191000.000147 68.6094979991 23000  190997.645869 171.523727488 23000  190989.804176 308.527454698 23000  190981.574725 411.118888608 23000  190971.001378 513.495304619 23000  190958.08967 615.603159323 23000  190942.846352 717.389049628 23000  190925.279397 818.799740871 23000  190905.397992 919.7821946080001 23000  190883.212536 1020.28359637 23000  190858.734632 1120.25138328 23000  190831.977082 1219.63327155 23000  190802.95388 1318.37728381 23000  190771.680205 1416.43177632 23000  190738.172415 1513.74546594 23000  190702.448033 1610.26745699 23000  190664.525744 1705.94726786 23000  190624.425382 1800.73485738 23000  190582.167918 1894.58065106 23000  190537.775455 1987.43556692 23000  190491.271209 2079.25104127 23000  190442.679503 2169.979054 23000  190392.02575 2259.57215385 23000  190339.336442 2347.98348283 23000  190284.639138 2435.16680205 23000  190227.962441 2521.07651108 23000  190149.793862 2633.86474934 23000  190088.288732 2716.41170744 23000  190046.048391 2770.47663897 23000 
 0 4 0.0689655172414 1 0.103448275862 1 0.137931034483 1 0.172413793103 1 0.206896551724 1 0.241379310345 1 0.275862068966 1 0.310344827586 1 0.344827586207 1 0.379310344828 1 0.413793103448 1 0.448275862069 1 0.48275862069 1 0.51724137931 1 0.5517241379309999 1 0.586206896552 1 0.620689655172 1 0.655172413793 1 0.689655172414 1 0.724137931034 1 0.758620689655 1 0.793103448276 1 0.827586206897 1 0.862068965517 1 0.896551724138 1 0.931034482759 1 1 4
 38
93 0 0  21 8 -1 -0
1 0 1 -1 -0 
 -1 1 2.00231145025394824e-01 44
94 20 9 Vertex 20 4 0 21 25
95 21 0  -1 30
96 30 13 TModel_Entity -1 25 95 -1 -1 -1 35
97 0 0  1 899 7 0 0  3 20 18  180000 0 10499.9999988  179999.873139 0 10938.596492  180125.221793 0 11596.4912259  180503.090289 0 12473.6842109  180880.724346 0 13131.5789459  181341.158488 0 13789.4736846  181872.91187 0 14447.3684204  182464.686278 0 15105.2631562  183105.58383 0 15763.1578949  183785.334747 0 16421.0526299  184494.376657 0 17078.9473688  185223.911829 0 17736.8421038  185965.961021 0 18394.7368426  186713.379559 0 19052.6315783  187459.799931 0 19710.5263141  188199.585554 0 20368.4210528  188927.852857 0 21026.3157879  189877.95871 0 21903.5087729  190561.450874 0 22561.4035068  191000 0 23000 
 0 4 0.105263157895 1 0.157894736842 1 0.210526315789 1 0.263157894737 1 0.315789473684 1 0.368421052632 1 0.421052631579 1 0.473684210526 1 0.526315789474 1 0.578947368421 1 0.631578947368 1 0.684210526316 1 0.736842105263 1 0.7894736842109999 1 0.8421052631580001 1 0.894736842105 1 1 4
 38
98 0 0  21 8 -1 -0
1 0 0 -0 -1 
 -1 1 2.00231145025394824e-01 44
99 19 9 Vertex 19 4 0 21 25 95 22 25
100 22 0  -1 30
101 31 13 TModel_Entity -1 25 100 -1 -1 -1 35
102 0 0  1 1740 7 0 0  3 30 28  180000 0 10499.9999988  180000.000026 1.28392156932 10499.9999988  179999.907187 3.2097974885 10499.9999988  179999.598756 5.759797459780001 10499.9999988  179999.275658 7.65894815334 10499.9999988  179998.861531 9.54034776792 10499.9999988  179998.357335 11.3996358498 10499.9999988  179997.764238 13.2325031396 10499.9999988  179997.083616 15.0347016274 10499.9999988  179996.317045 16.80205438 10499.9999988  179995.466303 18.5304652269 10499.9999988  179994.533362 20.2159282524 10499.9999988  179993.520382 21.8545370804 10499.9999988  179992.429713 23.4424939284 10499.9999988  179991.263882 24.9761184091 10499.9999988  179990.025591 26.4518560607 10499.9999988  179988.71771 27.866286585 10499.9999988  179987.343271 29.2161317746 10499.9999988  179985.905458 30.4982631106 10499.9999988  179984.407605 31.7097090137 10499.9999988  179982.853182 32.8476617309 10499.9999988  179981.245793 33.9094838451 10499.9999988  179979.589163 34.8927143804 10499.9999988  179977.887131 35.7950745323 10499.9999988  179976.143642 36.6144728512 10499.9999988  179974.362738 37.3490104564 10499.9999988  179972.548545 37.9969840675 10499.9999988  179970.090844 38.7435320628 10499.9999988  179968.210347 39.1693847901 10499.9999988  179966.945927 39.3923101205 10499.9999988 
 0 4 0.0689655172414 1 0.103448275862 1 0.137931034483 1 0.172413793103 1 0.206896551724 1 0.241379310345 1 0.275862068966 1 0.310344827586 1 0.344827586207 1 0.379310344828 1 0.413793103448 1 0.448275862069 1 0.48275862069 1 0.51724137931 1 0.5517241379309999 1 0.586206896552 1 0.620689655172 1 0.655172413793 1 0.689655172414 1 0.724137931034 1 0.758620689655 1 0.793103448276 1 0.827586206897 1 0.862068965517 1 0.896551724138 1 0.931034482759 1 1 4
 38
103 0 0  17 8 0 1
1 0 0 1 0 
 -1 1 2.00231145025394824e-01 44 99 44 70 46 25
104 46 0  -1 30
105 15 13 TModel_Entity -1 25 104 -1 -1 -1 35
106 0 0  1 3180 7 0 0  3 60 58  173699.999986 1803.2804551 10500  173784.048445 1771.95585647 10500  173894.066644 1731.29177276 10500  174081.785355 1662.6792157 10500  174263.011475 1597.14408723 10500  174450.4166 1530.48962034 10500  174605.184349 1476.11110336 10500  174836.922619 1395.40320049 10500  175060.937416 1319.18590145 10500  175357.896208 1220.35723639 10500  175603.495917 1140.12470733 10500  175826.79631 1069.28417788 10500  176086.212591 988.202442439 10500  176322.65389 916.0149331269999 10500  176629.912567 825.353144572 10500  176826.721025 768.727767805 10500  177037.088708 709.4042207609999 10500  177215.269989 660.2772384409999 10500  177421.557889 604.761343761 10500  177548.756905 571.2700539609999 10500  177663.298592 541.5542752380001 10500  177725.09663 525.6673932059999 10500  177872.562428 488.133300449 10500  178005.959746 454.943543461 10500  178168.161817 415.525234468 10500  178284.720599 387.628860511 10500  178433.648675 352.692700454 10500  178559.376907 323.870747587 10500  178701.587342 291.865155124 10500  178813.895848 267.114071733 10500  178936.262898 240.694002492 10500  179013.476228 224.289161824 10500  179137.816481 198.20258403 10500  179237.684074 177.745824346 10500  179354.97266 154.220112341 10500  179419.356591 141.492336976 10500  179480.140207 129.630779537 10500  179533.459092 119.305378668 10500  179612.067489 104.256482075 10500  179675.351291 92.3711378294 10500  179750.158142 78.46448910379999 10500  179823.95651 64.9208574565 10500  179893.992813 52.3314080697 10500  179931.934017 45.5861070729 10500  179946.139854 43.0688309715 10500  179951.230678 42.1679180313 10500  179954.136095 41.6540134846 10500  179957.297151 41.0954591922 10500  179959.20379 40.7581600603 10499.9999999  179965.491345 39.6496955088 10500.0000004  179967.177804 39.3476537768 10499.9999983  179967.639874 39.28406886280001 10499.9999989  179970.787785 38.5593213074 10499.9999987  179973.082014 37.82305659049999 10499.9999988  179981.016581 34.8137986687 10499.9999987  179990.971427 26.8933564211 10499.9999988  179997.701974 14.9100505584 10499.9999988  180000.337502 3.39848763012 10499.9999988  179999.999733 -1.59120037554e-06 10499.9999988  180000 0 10499.9999988 
 0 4 0.0260521042084 1 0.0340681362725 1 0.0581162324649 1 0.0821643286573 1 0.09218436873749999 1 0.10621242485 1 0.154308617234 1 0.162324649299 1 0.2 1 0.23246492986 1 0.234468937876 1 0.284569138277 1 0.310621242485 1 0.338677354709 1 0.352705410822 1 0.384769539078 1 0.402805611222 1 0.428857715431 1 0.432865731463 1 0.446893787575 1 0.452905811623 1 0.490981963928 1 0.501002004008 1 0.521042084168 1 0.541082164329 1 0.567134268537 1 0.579158316633 1 0.609218436874 1 0.623246492986 1 0.643286573146 1 0.6513026052100001 1 0.693386773547 1 0.703406813627 1 0.7274549098200001 1 0.7374749499 1 0.74749498998 1 0.76753507014 1 0.8 1 0.803607214429 1 0.8396793587169999 1 0.878787878788 1 0.897795591182 1 0.90380761523 1 0.905811623246 1 0.907815631263 1 0.909819639279 1 0.911823647295 1 0.913827655311 1 0.9158316633269999 1 0.917835671343 1 0.919839679359 1 0.921843687375 1 0.923847695391 1 0.939879759519 1 0.955911823647 1 0.971943887776 1 1 4
 38
107 0 0  17 8 0 1
1 1 0 0 1 
 -1 1 2.00231145025394824e-01 44 65 44 99 47 25
108 47 0  -1 30
109 16 13 TModel_Entity -1 25 108 -1 -1 -1 35
110 0 0  1 2789 7 0 0  3 44 42  180700 0.000177276663016 9400.0000003  180692.533787 0.000163066422991 9398.683494299999  180683.036353 0.000146595067299 9397.534002  180663.166743 0.00011574908014 9396.438612240001  180641.328282 8.674938907840001e-05 9397.04042865  180608.550142 5.29867996352e-05 9401.9280428  180583.839662 3.48312230474e-05 9408.780821300001  180555.278093 1.86309209184e-05 9418.96824586  180528.36144 8.09141938643e-06 9430.86589594  180503.526657 3.40541443144e-06 9444.749936639999  180488.198983 1.64714708359e-06 9454.20093107  180469.839934 5.541967331800001e-08 9465.947904140001  180453.071699 1.37326829356e-12 9478.05134005  180437.404088 1.34556332226e-12 9490.3252818  180426.290528 1.32607467371e-12 9499.19016674  180410.243784 1.29870970619e-12 9512.804821990001  180385.050454 1.25679684837e-12 9535.810861280001  180366.273606 1.22640435331e-12 9554.57988223  180346.806631 1.19516733993e-12 9575.300139839999  180327.757572 1.16475824832e-12 9596.40855894  180310.154912 1.13680828526e-12 9617.525558380001  180291.909883 1.107735494e-12 9640.552852620001  180269.482959 1.07187659241e-12 9669.933553110001  180248.405244 1.03755015208e-12 9700.31643447  180221.533106 9.925474371810001e-13 9741.6263408  180202.791831 9.60186669162e-13 9772.39309435  180181.493072 9.212125325890001e-13 9810.430931260002  180160.106707 8.805388707299999e-13 9850.58058032  180141.432634 8.42210239438e-13 9888.93852614  180115.917498 7.85013175004e-13 9946.04803489  180101.011793 7.47676406058e-13 9982.97278745  180081.063335 6.91074478223e-13 10037.2312585  180071.992162 6.621434789569999e-13 10064.1855126  180058.847419 6.14476875212e-13 10106.7435371  180047.281381 5.68228892836e-13 10146.8139727  180036.668999 5.138967694910001e-13 10190.2791371  180024.43487 4.39056193129e-13 10246.7792699  180016.068028 3.72430523833e-13 10293.446299  180007.533765 2.68111088986e-13 10358.8220872  180003.076554 1.84795512161e-13 10406.8484307  180000.989923 1.07455060428e-13 10447.470864  180000.166606 5.01125348363e-14 10476.1172783  180000 2.03493913571e-14 10490.4465409  180000 0 10499.9999988 
 0 4 0.0160317098892 1 0.020202020202 1 0.0420832543255 1 0.0621229932553 1 0.09017882982189999 1 0.0961923847695 1 0.126250780533 1 0.152304609218 1 0.156310772192 1 0.164328641794 1 0.19839528701 1 0.2 1 0.206412825651 1 0.228455235612 1 0.244488977956 1 0.278555531686 1 0.284569138277 1 0.304609197555 1 0.338677354709 1 0.342684083087 1 0.366733466934 1 0.416832573508 1 0.420841683367 1 0.470940984533 1 0.492985944307 1 0.513026052104 1 0.567133641881 1 0.583166332665 1 0.645290161932 1 0.651302570527 1 0.705410549615 1 0.705410821643 1 0.745490962054 1 0.793587029207 1 0.8 1 0.867735428813 1 0.8937875629249999 1 0.939393939394 1 0.969696969697 1 0.979797979798 1 1 4
 38
111 0 0  21 8 -1 -0
1 0 1 -1 -0 
 -1 1 2.00231145025394824e-01 44 30 44 99 0 0 1.80000000000000000e+05 0.00000000000000000e+00 1.04999999988000000e+04 44 94 24 25 90 42 25
112 42 0  -1 30
113 11 13 TModel_Entity -1 25 112 -1 -1 -1 35
114 0 0  1 2553 7 0 0  3 65 63  -7250 0 23000  3476.95390782 0 23000  14468.7708751 0 23000  25725.4509018 0 23000  26387.6085504 0 23000  27049.7661991 0 23000  29433.5337341 0 23000  31949.7327989 0 23000  34333.500334 0 23000  34863.2264529 0 23000  35260.5210421 0 23000  35657.8156313 0 23000  36055.11022040001 0 23000  36452.4048096 0 23000  37511.8570474 0 23000  43868.5704743 0 23000  57111.7234469 0 23000  70090.0133601 0 23000  77903.4736139 0 23000  79227.7889112 0 23000  80552.10420839999 0 23000  85054.77621910001 0 23000  96576.3193053 0 23000  107700.567802 0 23000  115646.459586 0 23000  116176.185705 0 23000  116705.911824 0 23000  117103.206413 0 23000  117500.501002 0 23000  117897.795591 0 23000  118295.09018 0 23000  118692.38477 0 23000  119089.679359 0 23000  120546.426186 0 23000  123724.782899 0 23000  127035.571142 0 23000  129286.907148 0 23000  129816.633267 0 23000  130213.927856 0 23000  130611.222445 0 23000  131008.517034 0 23000  133524.716099 0 23000  136173.346693 0 23000  138821.977288 0 23000  139351.703407 0 23000  139748.997996 0 23000  140146.292585 0 23000  140543.587174 0 23000  141073.313293 0 23000  142132.765531 0 23000  144516.533066 0 23000  148489.478958 0 23000  152462.42485 0 23000  156435.370741 0 23000  159481.295925 0 23000  163056.947228 0 23000  166102.872411 0 23000  168354.208417 0 23000  170870.407482 0 23000  173519.038076 0 23000  176962.257849 0 23000  180537.909152 0 23000  185173.012692 0 23000  188881.095524 0 23000  191000 0 23000 
 0 4 0.162324649299 1 0.166332665331 1 0.170340681363 1 0.172344689379 1 0.176352705411 1 0.206412825651 1 0.210420841683 1 0.212424849699 1 0.214428857715 1 0.216432865731 1 0.218436873747 1 0.220440881764 1 0.22244488978 1 0.234468937876 1 0.316633266533 1 0.422845691383 1 0.430861723447 1 0.434869739479 1 0.442885771543 1 0.450901803607 1 0.503006012024 1 0.617234468938 1 0.619238476954 1 0.623246492986 1 0.625250501002 1 0.627254509018 1 0.629258517034 1 0.63126252505 1 0.633266533066 1 0.635270541082 1 0.637274549098 1 0.6392785571139999 1 0.657314629259 1 0.685370741483 1 0.689378757515 1 0.691382765531 1 0.693386773547 1 0.695390781563 1 0.697394789579 1 0.699398797595 1 0.733466933868 1 0.7374749499 1 0.739478957916 1 0.741482965932 1 0.743486973948 1 0.745490981964 1 0.74749498998 1 0.751503006012 1 0.7615230460920001 1 0.783567134269 1 0.811623246493 1 0.821643286573 1 0.843687374749 1 0.857715430862 1 0.875751503006 1 0.889779559118 1